0 0.317097 0.138327 0.081256 0.077491
0 0.692673 0.182386 0.078450 0.032473
0 0.396286 0.208773 0.101503 0.061893
0 0.943432 0.493589 0.113136 0.077985
0 0.975785 0.385397 0.048430 0.066449
1 0.802892 0.435065 0.036137 0.118685
1 0.541279 0.466526 0.053006 0.143551
1 0.773937 0.412956 0.034612 0.109593
1 0.984438 0.710587 0.031125 0.152361
1 0.875888 0.604510 0.036584 0.147946
2 0.138209 0.614135 0.036277 0.325460
2 0.216899 0.707600 0.035880 0.200814
2 0.876526 0.728132 0.046947 0.287962
2 0.976376 0.306735 0.047247 0.216636
3 0.896121 0.217797 0.040299 0.109958
3 0.960490 0.191934 0.079021 0.079971
3 0.972389 0.282262 0.055223 0.056154
4 0.790408 0.647724 0.056812 0.056812
4 0.971673 0.643837 0.056653 0.056653
4 0.978461 0.566763 0.043077 0.043077
5 0.156864 0.846285 0.027240 0.157986
5 0.786222 0.915964 0.077580 0.168073
5 0.882425 0.855063 0.039684 0.164879
6 0.453052 0.186244 0.080946 0.108998
6 0.792053 0.180496 0.081064 0.119817
7 0.150544 0.179824 0.065185 0.065185
7 0.672069 0.165110 0.074704 0.074704
8 0.370833 0.119491 0.208233 0.122042
8 0.667161 0.241961 0.196138 0.050640
9 0.594998 0.175941 0.145139 0.055656
9 0.843590 0.158362 0.057085 0.086379
10 0.692130 0.110724 0.047105 0.176072
11 0.833511 0.122369 0.092070 0.080968
12 0.679201 0.263852 0.086201 0.064298
13 0.850163 0.207195 0.073148 0.073148
14 0.108405 0.141825 0.050641 0.050641
15 0.564960 0.142757 0.097703 0.145870
