0 0.200000 0.300000 0.120000 0.080000
0 0.350000 0.300000 0.120000 0.080000
0 0.500000 0.300000 0.120000 0.080000
1 0.200000 0.300000 0.100000 0.100000
1 0.350000 0.300000 0.100000 0.100000
1 0.500000 0.300000 0.100000 0.100000
1 0.650000 0.300000 0.100000 0.100000
4 0.200000 0.300000 0.100000 0.100000
4 0.350000 0.300000 0.100000 0.100000
4 0.500000 0.300000 0.100000 0.100000
4 0.650000 0.300000 0.100000 0.100000
4 0.200000 0.500000 0.100000 0.100000
4 0.350000 0.500000 0.100000 0.100000
5 0.200000 0.300000 0.120000 0.080000
5 0.350000 0.300000 0.120000 0.080000
5 0.500000 0.300000 0.120000 0.080000
5 0.650000 0.300000 0.120000 0.080000
5 0.200000 0.500000 0.120000 0.080000
