0 0.200000 0.300000 0.120000 0.080000
0 0.350000 0.300000 0.120000 0.080000
0 0.500000 0.300000 0.120000 0.080000
1 0.200000 0.300000 0.100000 0.100000
1 0.350000 0.300000 0.100000 0.100000
1 0.500000 0.300000 0.100000 0.100000
1 0.650000 0.300000 0.100000 0.100000
2 0.200000 0.300000 0.080000 0.150000
2 0.350000 0.300000 0.080000 0.150000
2 0.500000 0.300000 0.080000 0.150000
2 0.650000 0.300000 0.080000 0.150000
2 0.200000 0.500000 0.080000 0.150000
3 0.200000 0.300000 0.100000 0.100000
3 0.350000 0.300000 0.100000 0.100000
3 0.500000 0.300000 0.100000 0.100000
